
Time 0
Waiting clients: (1,2,3); (2,5,4); (3,5,4); (4,5,4); (5,5,3); (6,5,6); (7,6,2); (8,6,6); (9,7,2); (10,9,2); (11,10,4); (12,10,2); (13,12,2); (14,12,3); (15,12,3); (16,13,3); (17,13,3); (18,13,3); (19,14,3); (20,15,6); (21,18,3); (22,18,3); (23,18,3); (24,19,2); (25,19,5); (26,20,6); (27,21,3); (28,21,3); (29,21,2); (30,22,5); (31,22,6); (32,23,5); (33,25,5); (34,25,5); (35,27,3); (36,28,2); (37,28,2); (38,28,4); (39,30,2); (40,31,2); (41,32,6); (42,33,5); (43,34,2); (44,35,6); (45,35,6); (46,36,6); (47,36,4); (48,38,4); (49,39,5); (50,39,4)
Queue 1: closed
Queue 2: closed
Queue 3: closed
Queue 4: closed
Queue 5: closed

Time 1
Waiting clients: (1,2,3); (2,5,4); (3,5,4); (4,5,4); (5,5,3); (6,5,6); (7,6,2); (8,6,6); (9,7,2); (10,9,2); (11,10,4); (12,10,2); (13,12,2); (14,12,3); (15,12,3); (16,13,3); (17,13,3); (18,13,3); (19,14,3); (20,15,6); (21,18,3); (22,18,3); (23,18,3); (24,19,2); (25,19,5); (26,20,6); (27,21,3); (28,21,3); (29,21,2); (30,22,5); (31,22,6); (32,23,5); (33,25,5); (34,25,5); (35,27,3); (36,28,2); (37,28,2); (38,28,4); (39,30,2); (40,31,2); (41,32,6); (42,33,5); (43,34,2); (44,35,6); (45,35,6); (46,36,6); (47,36,4); (48,38,4); (49,39,5); (50,39,4)
Queue 1: closed
Queue 2: closed
Queue 3: closed
Queue 4: closed
Queue 5: closed

Time 2
Waiting clients: (2,5,4); (3,5,4); (4,5,4); (5,5,3); (6,5,6); (7,6,2); (8,6,6); (9,7,2); (10,9,2); (11,10,4); (12,10,2); (13,12,2); (14,12,3); (15,12,3); (16,13,3); (17,13,3); (18,13,3); (19,14,3); (20,15,6); (21,18,3); (22,18,3); (23,18,3); (24,19,2); (25,19,5); (26,20,6); (27,21,3); (28,21,3); (29,21,2); (30,22,5); (31,22,6); (32,23,5); (33,25,5); (34,25,5); (35,27,3); (36,28,2); (37,28,2); (38,28,4); (39,30,2); (40,31,2); (41,32,6); (42,33,5); (43,34,2); (44,35,6); (45,35,6); (46,36,6); (47,36,4); (48,38,4); (49,39,5); (50,39,4)
Queue 1: (1,2,3)
Queue 2: closed
Queue 3: closed
Queue 4: closed
Queue 5: closed

Time 3
Waiting clients: (2,5,4); (3,5,4); (4,5,4); (5,5,3); (6,5,6); (7,6,2); (8,6,6); (9,7,2); (10,9,2); (11,10,4); (12,10,2); (13,12,2); (14,12,3); (15,12,3); (16,13,3); (17,13,3); (18,13,3); (19,14,3); (20,15,6); (21,18,3); (22,18,3); (23,18,3); (24,19,2); (25,19,5); (26,20,6); (27,21,3); (28,21,3); (29,21,2); (30,22,5); (31,22,6); (32,23,5); (33,25,5); (34,25,5); (35,27,3); (36,28,2); (37,28,2); (38,28,4); (39,30,2); (40,31,2); (41,32,6); (42,33,5); (43,34,2); (44,35,6); (45,35,6); (46,36,6); (47,36,4); (48,38,4); (49,39,5); (50,39,4)
Queue 1: (1,2,2)
Queue 2: closed
Queue 3: closed
Queue 4: closed
Queue 5: closed

Time 4
Waiting clients: (2,5,4); (3,5,4); (4,5,4); (5,5,3); (6,5,6); (7,6,2); (8,6,6); (9,7,2); (10,9,2); (11,10,4); (12,10,2); (13,12,2); (14,12,3); (15,12,3); (16,13,3); (17,13,3); (18,13,3); (19,14,3); (20,15,6); (21,18,3); (22,18,3); (23,18,3); (24,19,2); (25,19,5); (26,20,6); (27,21,3); (28,21,3); (29,21,2); (30,22,5); (31,22,6); (32,23,5); (33,25,5); (34,25,5); (35,27,3); (36,28,2); (37,28,2); (38,28,4); (39,30,2); (40,31,2); (41,32,6); (42,33,5); (43,34,2); (44,35,6); (45,35,6); (46,36,6); (47,36,4); (48,38,4); (49,39,5); (50,39,4)
Queue 1: (1,2,1)
Queue 2: closed
Queue 3: closed
Queue 4: closed
Queue 5: closed

Time 5
Waiting clients: (7,6,2); (8,6,6); (9,7,2); (10,9,2); (11,10,4); (12,10,2); (13,12,2); (14,12,3); (15,12,3); (16,13,3); (17,13,3); (18,13,3); (19,14,3); (20,15,6); (21,18,3); (22,18,3); (23,18,3); (24,19,2); (25,19,5); (26,20,6); (27,21,3); (28,21,3); (29,21,2); (30,22,5); (31,22,6); (32,23,5); (33,25,5); (34,25,5); (35,27,3); (36,28,2); (37,28,2); (38,28,4); (39,30,2); (40,31,2); (41,32,6); (42,33,5); (43,34,2); (44,35,6); (45,35,6); (46,36,6); (47,36,4); (48,38,4); (49,39,5); (50,39,4)
Queue 1: (2,5,4)
Queue 2: (3,5,4)
Queue 3: (4,5,4)
Queue 4: (5,5,3)
Queue 5: (6,5,6)

Time 6
Waiting clients: (9,7,2); (10,9,2); (11,10,4); (12,10,2); (13,12,2); (14,12,3); (15,12,3); (16,13,3); (17,13,3); (18,13,3); (19,14,3); (20,15,6); (21,18,3); (22,18,3); (23,18,3); (24,19,2); (25,19,5); (26,20,6); (27,21,3); (28,21,3); (29,21,2); (30,22,5); (31,22,6); (32,23,5); (33,25,5); (34,25,5); (35,27,3); (36,28,2); (37,28,2); (38,28,4); (39,30,2); (40,31,2); (41,32,6); (42,33,5); (43,34,2); (44,35,6); (45,35,6); (46,36,6); (47,36,4); (48,38,4); (49,39,5); (50,39,4)
Queue 1: (2,5,3); (8,6,6)
Queue 2: (3,5,3)
Queue 3: (4,5,3)
Queue 4: (5,5,2); (7,6,2)
Queue 5: (6,5,5)

Time 7
Waiting clients: (10,9,2); (11,10,4); (12,10,2); (13,12,2); (14,12,3); (15,12,3); (16,13,3); (17,13,3); (18,13,3); (19,14,3); (20,15,6); (21,18,3); (22,18,3); (23,18,3); (24,19,2); (25,19,5); (26,20,6); (27,21,3); (28,21,3); (29,21,2); (30,22,5); (31,22,6); (32,23,5); (33,25,5); (34,25,5); (35,27,3); (36,28,2); (37,28,2); (38,28,4); (39,30,2); (40,31,2); (41,32,6); (42,33,5); (43,34,2); (44,35,6); (45,35,6); (46,36,6); (47,36,4); (48,38,4); (49,39,5); (50,39,4)
Queue 1: (2,5,2); (8,6,6)
Queue 2: (3,5,2); (9,7,2)
Queue 3: (4,5,2)
Queue 4: (5,5,1); (7,6,2)
Queue 5: (6,5,4)

Time 8
Waiting clients: (10,9,2); (11,10,4); (12,10,2); (13,12,2); (14,12,3); (15,12,3); (16,13,3); (17,13,3); (18,13,3); (19,14,3); (20,15,6); (21,18,3); (22,18,3); (23,18,3); (24,19,2); (25,19,5); (26,20,6); (27,21,3); (28,21,3); (29,21,2); (30,22,5); (31,22,6); (32,23,5); (33,25,5); (34,25,5); (35,27,3); (36,28,2); (37,28,2); (38,28,4); (39,30,2); (40,31,2); (41,32,6); (42,33,5); (43,34,2); (44,35,6); (45,35,6); (46,36,6); (47,36,4); (48,38,4); (49,39,5); (50,39,4)
Queue 1: (2,5,1); (8,6,6)
Queue 2: (3,5,1); (9,7,2)
Queue 3: (4,5,1)
Queue 4: (7,6,2)
Queue 5: (6,5,3)

Time 9
Waiting clients: (11,10,4); (12,10,2); (13,12,2); (14,12,3); (15,12,3); (16,13,3); (17,13,3); (18,13,3); (19,14,3); (20,15,6); (21,18,3); (22,18,3); (23,18,3); (24,19,2); (25,19,5); (26,20,6); (27,21,3); (28,21,3); (29,21,2); (30,22,5); (31,22,6); (32,23,5); (33,25,5); (34,25,5); (35,27,3); (36,28,2); (37,28,2); (38,28,4); (39,30,2); (40,31,2); (41,32,6); (42,33,5); (43,34,2); (44,35,6); (45,35,6); (46,36,6); (47,36,4); (48,38,4); (49,39,5); (50,39,4)
Queue 1: (8,6,6)
Queue 2: (9,7,2)
Queue 3: (10,9,2)
Queue 4: (7,6,1)
Queue 5: (6,5,2)

Time 10
Waiting clients: (13,12,2); (14,12,3); (15,12,3); (16,13,3); (17,13,3); (18,13,3); (19,14,3); (20,15,6); (21,18,3); (22,18,3); (23,18,3); (24,19,2); (25,19,5); (26,20,6); (27,21,3); (28,21,3); (29,21,2); (30,22,5); (31,22,6); (32,23,5); (33,25,5); (34,25,5); (35,27,3); (36,28,2); (37,28,2); (38,28,4); (39,30,2); (40,31,2); (41,32,6); (42,33,5); (43,34,2); (44,35,6); (45,35,6); (46,36,6); (47,36,4); (48,38,4); (49,39,5); (50,39,4)
Queue 1: (8,6,5)
Queue 2: (9,7,1); (12,10,2)
Queue 3: (10,9,1)
Queue 4: (11,10,4)
Queue 5: (6,5,1)

Time 11
Waiting clients: (13,12,2); (14,12,3); (15,12,3); (16,13,3); (17,13,3); (18,13,3); (19,14,3); (20,15,6); (21,18,3); (22,18,3); (23,18,3); (24,19,2); (25,19,5); (26,20,6); (27,21,3); (28,21,3); (29,21,2); (30,22,5); (31,22,6); (32,23,5); (33,25,5); (34,25,5); (35,27,3); (36,28,2); (37,28,2); (38,28,4); (39,30,2); (40,31,2); (41,32,6); (42,33,5); (43,34,2); (44,35,6); (45,35,6); (46,36,6); (47,36,4); (48,38,4); (49,39,5); (50,39,4)
Queue 1: (8,6,4)
Queue 2: (12,10,2)
Queue 3: closed
Queue 4: (11,10,3)
Queue 5: closed

Time 12
Waiting clients: (16,13,3); (17,13,3); (18,13,3); (19,14,3); (20,15,6); (21,18,3); (22,18,3); (23,18,3); (24,19,2); (25,19,5); (26,20,6); (27,21,3); (28,21,3); (29,21,2); (30,22,5); (31,22,6); (32,23,5); (33,25,5); (34,25,5); (35,27,3); (36,28,2); (37,28,2); (38,28,4); (39,30,2); (40,31,2); (41,32,6); (42,33,5); (43,34,2); (44,35,6); (45,35,6); (46,36,6); (47,36,4); (48,38,4); (49,39,5); (50,39,4)
Queue 1: (8,6,3)
Queue 2: (12,10,1); (15,12,3)
Queue 3: (13,12,2)
Queue 4: (11,10,2)
Queue 5: (14,12,3)

Time 13
Waiting clients: (19,14,3); (20,15,6); (21,18,3); (22,18,3); (23,18,3); (24,19,2); (25,19,5); (26,20,6); (27,21,3); (28,21,3); (29,21,2); (30,22,5); (31,22,6); (32,23,5); (33,25,5); (34,25,5); (35,27,3); (36,28,2); (37,28,2); (38,28,4); (39,30,2); (40,31,2); (41,32,6); (42,33,5); (43,34,2); (44,35,6); (45,35,6); (46,36,6); (47,36,4); (48,38,4); (49,39,5); (50,39,4)
Queue 1: (8,6,2); (18,13,3)
Queue 2: (15,12,3)
Queue 3: (13,12,1); (16,13,3)
Queue 4: (11,10,1); (17,13,3)
Queue 5: (14,12,2)

Time 14
Waiting clients: (20,15,6); (21,18,3); (22,18,3); (23,18,3); (24,19,2); (25,19,5); (26,20,6); (27,21,3); (28,21,3); (29,21,2); (30,22,5); (31,22,6); (32,23,5); (33,25,5); (34,25,5); (35,27,3); (36,28,2); (37,28,2); (38,28,4); (39,30,2); (40,31,2); (41,32,6); (42,33,5); (43,34,2); (44,35,6); (45,35,6); (46,36,6); (47,36,4); (48,38,4); (49,39,5); (50,39,4)
Queue 1: (8,6,1); (18,13,3)
Queue 2: (15,12,2)
Queue 3: (16,13,3)
Queue 4: (17,13,3)
Queue 5: (14,12,1); (19,14,3)

Time 15
Waiting clients: (21,18,3); (22,18,3); (23,18,3); (24,19,2); (25,19,5); (26,20,6); (27,21,3); (28,21,3); (29,21,2); (30,22,5); (31,22,6); (32,23,5); (33,25,5); (34,25,5); (35,27,3); (36,28,2); (37,28,2); (38,28,4); (39,30,2); (40,31,2); (41,32,6); (42,33,5); (43,34,2); (44,35,6); (45,35,6); (46,36,6); (47,36,4); (48,38,4); (49,39,5); (50,39,4)
Queue 1: (18,13,3)
Queue 2: (15,12,1); (20,15,6)
Queue 3: (16,13,2)
Queue 4: (17,13,2)
Queue 5: (19,14,3)

Time 16
Waiting clients: (21,18,3); (22,18,3); (23,18,3); (24,19,2); (25,19,5); (26,20,6); (27,21,3); (28,21,3); (29,21,2); (30,22,5); (31,22,6); (32,23,5); (33,25,5); (34,25,5); (35,27,3); (36,28,2); (37,28,2); (38,28,4); (39,30,2); (40,31,2); (41,32,6); (42,33,5); (43,34,2); (44,35,6); (45,35,6); (46,36,6); (47,36,4); (48,38,4); (49,39,5); (50,39,4)
Queue 1: (18,13,2)
Queue 2: (20,15,6)
Queue 3: (16,13,1)
Queue 4: (17,13,1)
Queue 5: (19,14,2)

Time 17
Waiting clients: (21,18,3); (22,18,3); (23,18,3); (24,19,2); (25,19,5); (26,20,6); (27,21,3); (28,21,3); (29,21,2); (30,22,5); (31,22,6); (32,23,5); (33,25,5); (34,25,5); (35,27,3); (36,28,2); (37,28,2); (38,28,4); (39,30,2); (40,31,2); (41,32,6); (42,33,5); (43,34,2); (44,35,6); (45,35,6); (46,36,6); (47,36,4); (48,38,4); (49,39,5); (50,39,4)
Queue 1: (18,13,1)
Queue 2: (20,15,5)
Queue 3: closed
Queue 4: closed
Queue 5: (19,14,1)

Time 18
Waiting clients: (24,19,2); (25,19,5); (26,20,6); (27,21,3); (28,21,3); (29,21,2); (30,22,5); (31,22,6); (32,23,5); (33,25,5); (34,25,5); (35,27,3); (36,28,2); (37,28,2); (38,28,4); (39,30,2); (40,31,2); (41,32,6); (42,33,5); (43,34,2); (44,35,6); (45,35,6); (46,36,6); (47,36,4); (48,38,4); (49,39,5); (50,39,4)
Queue 1: (21,18,3)
Queue 2: (20,15,4)
Queue 3: (22,18,3)
Queue 4: (23,18,3)
Queue 5: closed

Time 19
Waiting clients: (26,20,6); (27,21,3); (28,21,3); (29,21,2); (30,22,5); (31,22,6); (32,23,5); (33,25,5); (34,25,5); (35,27,3); (36,28,2); (37,28,2); (38,28,4); (39,30,2); (40,31,2); (41,32,6); (42,33,5); (43,34,2); (44,35,6); (45,35,6); (46,36,6); (47,36,4); (48,38,4); (49,39,5); (50,39,4)
Queue 1: (21,18,2); (25,19,5)
Queue 2: (20,15,3)
Queue 3: (22,18,2)
Queue 4: (23,18,2)
Queue 5: (24,19,2)

Time 20
Waiting clients: (27,21,3); (28,21,3); (29,21,2); (30,22,5); (31,22,6); (32,23,5); (33,25,5); (34,25,5); (35,27,3); (36,28,2); (37,28,2); (38,28,4); (39,30,2); (40,31,2); (41,32,6); (42,33,5); (43,34,2); (44,35,6); (45,35,6); (46,36,6); (47,36,4); (48,38,4); (49,39,5); (50,39,4)
Queue 1: (21,18,1); (25,19,5)
Queue 2: (20,15,2)
Queue 3: (22,18,1); (26,20,6)
Queue 4: (23,18,1)
Queue 5: (24,19,1)

Time 21
Waiting clients: (30,22,5); (31,22,6); (32,23,5); (33,25,5); (34,25,5); (35,27,3); (36,28,2); (37,28,2); (38,28,4); (39,30,2); (40,31,2); (41,32,6); (42,33,5); (43,34,2); (44,35,6); (45,35,6); (46,36,6); (47,36,4); (48,38,4); (49,39,5); (50,39,4)
Queue 1: (25,19,5)
Queue 2: (20,15,1); (29,21,2)
Queue 3: (26,20,6)
Queue 4: (27,21,3)
Queue 5: (28,21,3)

Time 22
Waiting clients: (32,23,5); (33,25,5); (34,25,5); (35,27,3); (36,28,2); (37,28,2); (38,28,4); (39,30,2); (40,31,2); (41,32,6); (42,33,5); (43,34,2); (44,35,6); (45,35,6); (46,36,6); (47,36,4); (48,38,4); (49,39,5); (50,39,4)
Queue 1: (25,19,4)
Queue 2: (29,21,2); (30,22,5)
Queue 3: (26,20,5)
Queue 4: (27,21,2); (31,22,6)
Queue 5: (28,21,2)

Time 23
Waiting clients: (33,25,5); (34,25,5); (35,27,3); (36,28,2); (37,28,2); (38,28,4); (39,30,2); (40,31,2); (41,32,6); (42,33,5); (43,34,2); (44,35,6); (45,35,6); (46,36,6); (47,36,4); (48,38,4); (49,39,5); (50,39,4)
Queue 1: (25,19,3)
Queue 2: (29,21,1); (30,22,5)
Queue 3: (26,20,4)
Queue 4: (27,21,1); (31,22,6)
Queue 5: (28,21,1); (32,23,5)

Time 24
Waiting clients: (33,25,5); (34,25,5); (35,27,3); (36,28,2); (37,28,2); (38,28,4); (39,30,2); (40,31,2); (41,32,6); (42,33,5); (43,34,2); (44,35,6); (45,35,6); (46,36,6); (47,36,4); (48,38,4); (49,39,5); (50,39,4)
Queue 1: (25,19,2)
Queue 2: (30,22,5)
Queue 3: (26,20,3)
Queue 4: (31,22,6)
Queue 5: (32,23,5)

Time 25
Waiting clients: (35,27,3); (36,28,2); (37,28,2); (38,28,4); (39,30,2); (40,31,2); (41,32,6); (42,33,5); (43,34,2); (44,35,6); (45,35,6); (46,36,6); (47,36,4); (48,38,4); (49,39,5); (50,39,4)
Queue 1: (25,19,1); (33,25,5)
Queue 2: (30,22,4)
Queue 3: (26,20,2); (34,25,5)
Queue 4: (31,22,5)
Queue 5: (32,23,4)

Time 26
Waiting clients: (35,27,3); (36,28,2); (37,28,2); (38,28,4); (39,30,2); (40,31,2); (41,32,6); (42,33,5); (43,34,2); (44,35,6); (45,35,6); (46,36,6); (47,36,4); (48,38,4); (49,39,5); (50,39,4)
Queue 1: (33,25,5)
Queue 2: (30,22,3)
Queue 3: (26,20,1); (34,25,5)
Queue 4: (31,22,4)
Queue 5: (32,23,3)

Time 27
Waiting clients: (36,28,2); (37,28,2); (38,28,4); (39,30,2); (40,31,2); (41,32,6); (42,33,5); (43,34,2); (44,35,6); (45,35,6); (46,36,6); (47,36,4); (48,38,4); (49,39,5); (50,39,4)
Queue 1: (33,25,4)
Queue 2: (30,22,2)
Queue 3: (34,25,5)
Queue 4: (31,22,3)
Queue 5: (32,23,2); (35,27,3)

Time 28
Waiting clients: (39,30,2); (40,31,2); (41,32,6); (42,33,5); (43,34,2); (44,35,6); (45,35,6); (46,36,6); (47,36,4); (48,38,4); (49,39,5); (50,39,4)
Queue 1: (33,25,3); (38,28,4)
Queue 2: (30,22,1); (36,28,2)
Queue 3: (34,25,4)
Queue 4: (31,22,2); (37,28,2)
Queue 5: (32,23,1); (35,27,3)

Time 29
Waiting clients: (39,30,2); (40,31,2); (41,32,6); (42,33,5); (43,34,2); (44,35,6); (45,35,6); (46,36,6); (47,36,4); (48,38,4); (49,39,5); (50,39,4)
Queue 1: (33,25,2); (38,28,4)
Queue 2: (36,28,2)
Queue 3: (34,25,3)
Queue 4: (31,22,1); (37,28,2)
Queue 5: (35,27,3)

Time 30
Waiting clients: (40,31,2); (41,32,6); (42,33,5); (43,34,2); (44,35,6); (45,35,6); (46,36,6); (47,36,4); (48,38,4); (49,39,5); (50,39,4)
Queue 1: (33,25,1); (38,28,4)
Queue 2: (36,28,1); (39,30,2)
Queue 3: (34,25,2)
Queue 4: (37,28,2)
Queue 5: (35,27,2)

Time 31
Waiting clients: (41,32,6); (42,33,5); (43,34,2); (44,35,6); (45,35,6); (46,36,6); (47,36,4); (48,38,4); (49,39,5); (50,39,4)
Queue 1: (38,28,4)
Queue 2: (39,30,2)
Queue 3: (34,25,1)
Queue 4: (37,28,1); (40,31,2)
Queue 5: (35,27,1)

Time 32
Waiting clients: (42,33,5); (43,34,2); (44,35,6); (45,35,6); (46,36,6); (47,36,4); (48,38,4); (49,39,5); (50,39,4)
Queue 1: (38,28,3)
Queue 2: (39,30,1)
Queue 3: (41,32,6)
Queue 4: (40,31,2)
Queue 5: closed

Time 33
Waiting clients: (43,34,2); (44,35,6); (45,35,6); (46,36,6); (47,36,4); (48,38,4); (49,39,5); (50,39,4)
Queue 1: (38,28,2)
Queue 2: closed
Queue 3: (41,32,5)
Queue 4: (40,31,1)
Queue 5: (42,33,5)

Time 34
Waiting clients: (44,35,6); (45,35,6); (46,36,6); (47,36,4); (48,38,4); (49,39,5); (50,39,4)
Queue 1: (38,28,1)
Queue 2: (43,34,2)
Queue 3: (41,32,4)
Queue 4: closed
Queue 5: (42,33,4)

Time 35
Waiting clients: (46,36,6); (47,36,4); (48,38,4); (49,39,5); (50,39,4)
Queue 1: (44,35,6)
Queue 2: (43,34,1)
Queue 3: (41,32,3)
Queue 4: (45,35,6)
Queue 5: (42,33,3)

Time 36
Waiting clients: (48,38,4); (49,39,5); (50,39,4)
Queue 1: (44,35,5)
Queue 2: (46,36,6)
Queue 3: (41,32,2); (47,36,4)
Queue 4: (45,35,5)
Queue 5: (42,33,2)

Time 37
Waiting clients: (48,38,4); (49,39,5); (50,39,4)
Queue 1: (44,35,4)
Queue 2: (46,36,5)
Queue 3: (41,32,1); (47,36,4)
Queue 4: (45,35,4)
Queue 5: (42,33,1)

Time 38
Waiting clients: (49,39,5); (50,39,4)
Queue 1: (44,35,3)
Queue 2: (46,36,4)
Queue 3: (47,36,4)
Queue 4: (45,35,3)
Queue 5: (48,38,4)

Time 39
Waiting clients: 
Queue 1: (44,35,2); (49,39,5)
Queue 2: (46,36,3)
Queue 3: (47,36,3)
Queue 4: (45,35,2); (50,39,4)
Queue 5: (48,38,3)

Time 40
Waiting clients: 
Queue 1: (44,35,1); (49,39,5)
Queue 2: (46,36,2)
Queue 3: (47,36,2)
Queue 4: (45,35,1); (50,39,4)
Queue 5: (48,38,2)

Time 41
Waiting clients: 
Queue 1: (49,39,5)
Queue 2: (46,36,1)
Queue 3: (47,36,1)
Queue 4: (50,39,4)
Queue 5: (48,38,1)

Time 42
Waiting clients: 
Queue 1: (49,39,4)
Queue 2: closed
Queue 3: closed
Queue 4: (50,39,3)
Queue 5: closed

Time 43
Waiting clients: 
Queue 1: (49,39,3)
Queue 2: closed
Queue 3: closed
Queue 4: (50,39,2)
Queue 5: closed

Time 44
Waiting clients: 
Queue 1: (49,39,2)
Queue 2: closed
Queue 3: closed
Queue 4: (50,39,1)
Queue 5: closed

Time 45
Waiting clients: 
Queue 1: (49,39,1)
Queue 2: closed
Queue 3: closed
Queue 4: closed
Queue 5: closed

Time 46
Waiting clients: 
Queue 1: closed
Queue 2: closed
Queue 3: closed
Queue 4: closed
Queue 5: closed

Average waiting time: 0.88
Average service time: 3.74