
Time 0
Waiting clients: (1,2,4); (2,2,1); (3,3,2); (4,3,2); (5,3,3); (6,3,1); (7,4,4); (8,4,3); (9,4,4); (10,4,1); (11,4,5); (12,4,2); (13,5,1); (14,5,3); (15,5,1); (16,5,3); (17,5,3); (18,5,4); (19,6,2); (20,6,2)
Queue 1: closed
Queue 2: closed
Queue 3: closed

Time 1
Waiting clients: (1,2,4); (2,2,1); (3,3,2); (4,3,2); (5,3,3); (6,3,1); (7,4,4); (8,4,3); (9,4,4); (10,4,1); (11,4,5); (12,4,2); (13,5,1); (14,5,3); (15,5,1); (16,5,3); (17,5,3); (18,5,4); (19,6,2); (20,6,2)
Queue 1: closed
Queue 2: closed
Queue 3: closed

Time 2
Waiting clients: (3,3,2); (4,3,2); (5,3,3); (6,3,1); (7,4,4); (8,4,3); (9,4,4); (10,4,1); (11,4,5); (12,4,2); (13,5,1); (14,5,3); (15,5,1); (16,5,3); (17,5,3); (18,5,4); (19,6,2); (20,6,2)
Queue 1: (1,2,4)
Queue 2: (2,2,1)
Queue 3: closed

Time 3
Waiting clients: (7,4,4); (8,4,3); (9,4,4); (10,4,1); (11,4,5); (12,4,2); (13,5,1); (14,5,3); (15,5,1); (16,5,3); (17,5,3); (18,5,4); (19,6,2); (20,6,2)
Queue 1: (1,2,3)
Queue 2: (3,3,2); (5,3,3)
Queue 3: (4,3,2); (6,3,1)

Time 4
Waiting clients: (13,5,1); (14,5,3); (15,5,1); (16,5,3); (17,5,3); (18,5,4); (19,6,2); (20,6,2)
Queue 1: (1,2,2); (8,4,3); (10,4,1); (11,4,5)
Queue 2: (3,3,1); (5,3,3); (9,4,4)
Queue 3: (4,3,1); (6,3,1); (7,4,4); (12,4,2)

Time 5
Waiting clients: (19,6,2); (20,6,2)
Queue 1: (1,2,1); (8,4,3); (10,4,1); (11,4,5); (17,5,3)
Queue 2: (5,3,3); (9,4,4); (13,5,1); (15,5,1); (16,5,3)
Queue 3: (6,3,1); (7,4,4); (12,4,2); (14,5,3); (18,5,4)

Time 6
Waiting clients: 
Queue 1: (8,4,3); (10,4,1); (11,4,5); (17,5,3); (20,6,2)
Queue 2: (5,3,2); (9,4,4); (13,5,1); (15,5,1); (16,5,3); (19,6,2)
Queue 3: (7,4,4); (12,4,2); (14,5,3); (18,5,4)

Time 7
Waiting clients: 
Queue 1: (8,4,2); (10,4,1); (11,4,5); (17,5,3); (20,6,2)
Queue 2: (5,3,1); (9,4,4); (13,5,1); (15,5,1); (16,5,3); (19,6,2)
Queue 3: (7,4,3); (12,4,2); (14,5,3); (18,5,4)

Time 8
Waiting clients: 
Queue 1: (8,4,1); (10,4,1); (11,4,5); (17,5,3); (20,6,2)
Queue 2: (9,4,4); (13,5,1); (15,5,1); (16,5,3); (19,6,2)
Queue 3: (7,4,2); (12,4,2); (14,5,3); (18,5,4)

Time 9
Waiting clients: 
Queue 1: (10,4,1); (11,4,5); (17,5,3); (20,6,2)
Queue 2: (9,4,3); (13,5,1); (15,5,1); (16,5,3); (19,6,2)
Queue 3: (7,4,2); (12,4,2); (14,5,3); (18,5,4)

Time 10
Waiting clients: 
Queue 1: (11,4,5); (17,5,3); (20,6,2)
Queue 2: (9,4,2); (13,5,1); (15,5,1); (16,5,3); (19,6,2)
Queue 3: (12,4,2); (14,5,3); (18,5,4)

Time 11
Waiting clients: 
Queue 1: (11,4,4); (17,5,3); (20,6,2)
Queue 2: (9,4,1); (13,5,1); (15,5,1); (16,5,3); (19,6,2)
Queue 3: (12,4,1); (14,5,3); (18,5,4)

Time 12
Waiting clients: 
Queue 1: (11,4,3); (17,5,3); (20,6,2)
Queue 2: (13,5,1); (15,5,1); (16,5,3); (19,6,2)
Queue 3: (14,5,3); (18,5,4)

Time 13
Waiting clients: 
Queue 1: (11,4,2); (17,5,3); (20,6,2)
Queue 2: (15,5,1); (16,5,3); (19,6,2)
Queue 3: (14,5,2); (18,5,4)

Time 14
Waiting clients: 
Queue 1: (11,4,1); (17,5,3); (20,6,2)
Queue 2: (16,5,3); (19,6,2)
Queue 3: (14,5,1); (18,5,4)

Time 15
Waiting clients: 
Queue 1: (17,5,3); (20,6,2)
Queue 2: (16,5,2); (19,6,2)
Queue 3: (18,5,4)

Time 16
Waiting clients: 
Queue 1: (17,5,2); (20,6,2)
Queue 2: (16,5,1); (19,6,2)
Queue 3: (18,5,3)

Time 17
Waiting clients: 
Queue 1: (17,5,1); (20,6,2)
Queue 2: (19,6,2)
Queue 3: (18,5,2)

Time 18
Waiting clients: 
Queue 1: (20,6,2)
Queue 2: (19,6,1)
Queue 3: (18,5,1)

Time 19
Waiting clients: 
Queue 1: (20,6,1)
Queue 2: closed
Queue 3: closed

Time 20
Waiting clients: 
Queue 1: closed
Queue 2: closed
Queue 3: closed

Average waiting time: 5.2
Average service time: 2.55