
Time 0
Waiting clients: (1,3,6); (2,4,5); (3,4,3); (4,6,4); (5,7,6); (6,7,3); (7,10,6); (8,10,3); (9,10,5); (10,11,3); (11,12,5); (12,12,2); (13,13,2); (14,13,6); (15,13,5); (16,13,6); (17,14,4); (18,15,5); (19,16,2); (20,17,5); (21,18,5); (22,18,6); (23,19,6); (24,19,4); (25,19,2); (26,20,4); (27,21,6); (28,22,2); (29,22,3); (30,24,3); (31,25,5); (32,25,3); (33,26,2); (34,27,2); (35,28,4); (36,28,3); (37,29,5); (38,30,4); (39,30,4); (40,31,5); (41,31,4); (42,33,4); (43,33,5); (44,34,2); (45,35,3); (46,35,4); (47,35,4); (48,37,5); (49,37,3); (50,39,3)
Queue 1: closed
Queue 2: closed
Queue 3: closed
Queue 4: closed
Queue 5: closed

Time 1
Waiting clients: (1,3,6); (2,4,5); (3,4,3); (4,6,4); (5,7,6); (6,7,3); (7,10,6); (8,10,3); (9,10,5); (10,11,3); (11,12,5); (12,12,2); (13,13,2); (14,13,6); (15,13,5); (16,13,6); (17,14,4); (18,15,5); (19,16,2); (20,17,5); (21,18,5); (22,18,6); (23,19,6); (24,19,4); (25,19,2); (26,20,4); (27,21,6); (28,22,2); (29,22,3); (30,24,3); (31,25,5); (32,25,3); (33,26,2); (34,27,2); (35,28,4); (36,28,3); (37,29,5); (38,30,4); (39,30,4); (40,31,5); (41,31,4); (42,33,4); (43,33,5); (44,34,2); (45,35,3); (46,35,4); (47,35,4); (48,37,5); (49,37,3); (50,39,3)
Queue 1: closed
Queue 2: closed
Queue 3: closed
Queue 4: closed
Queue 5: closed

Time 2
Waiting clients: (1,3,6); (2,4,5); (3,4,3); (4,6,4); (5,7,6); (6,7,3); (7,10,6); (8,10,3); (9,10,5); (10,11,3); (11,12,5); (12,12,2); (13,13,2); (14,13,6); (15,13,5); (16,13,6); (17,14,4); (18,15,5); (19,16,2); (20,17,5); (21,18,5); (22,18,6); (23,19,6); (24,19,4); (25,19,2); (26,20,4); (27,21,6); (28,22,2); (29,22,3); (30,24,3); (31,25,5); (32,25,3); (33,26,2); (34,27,2); (35,28,4); (36,28,3); (37,29,5); (38,30,4); (39,30,4); (40,31,5); (41,31,4); (42,33,4); (43,33,5); (44,34,2); (45,35,3); (46,35,4); (47,35,4); (48,37,5); (49,37,3); (50,39,3)
Queue 1: closed
Queue 2: closed
Queue 3: closed
Queue 4: closed
Queue 5: closed

Time 3
Waiting clients: (2,4,5); (3,4,3); (4,6,4); (5,7,6); (6,7,3); (7,10,6); (8,10,3); (9,10,5); (10,11,3); (11,12,5); (12,12,2); (13,13,2); (14,13,6); (15,13,5); (16,13,6); (17,14,4); (18,15,5); (19,16,2); (20,17,5); (21,18,5); (22,18,6); (23,19,6); (24,19,4); (25,19,2); (26,20,4); (27,21,6); (28,22,2); (29,22,3); (30,24,3); (31,25,5); (32,25,3); (33,26,2); (34,27,2); (35,28,4); (36,28,3); (37,29,5); (38,30,4); (39,30,4); (40,31,5); (41,31,4); (42,33,4); (43,33,5); (44,34,2); (45,35,3); (46,35,4); (47,35,4); (48,37,5); (49,37,3); (50,39,3)
Queue 1: (1,3,6)
Queue 2: closed
Queue 3: closed
Queue 4: closed
Queue 5: closed

Time 4
Waiting clients: (4,6,4); (5,7,6); (6,7,3); (7,10,6); (8,10,3); (9,10,5); (10,11,3); (11,12,5); (12,12,2); (13,13,2); (14,13,6); (15,13,5); (16,13,6); (17,14,4); (18,15,5); (19,16,2); (20,17,5); (21,18,5); (22,18,6); (23,19,6); (24,19,4); (25,19,2); (26,20,4); (27,21,6); (28,22,2); (29,22,3); (30,24,3); (31,25,5); (32,25,3); (33,26,2); (34,27,2); (35,28,4); (36,28,3); (37,29,5); (38,30,4); (39,30,4); (40,31,5); (41,31,4); (42,33,4); (43,33,5); (44,34,2); (45,35,3); (46,35,4); (47,35,4); (48,37,5); (49,37,3); (50,39,3)
Queue 1: (1,3,6)
Queue 2: (2,4,5)
Queue 3: (3,4,3)
Queue 4: closed
Queue 5: closed

Time 5
Waiting clients: (4,6,4); (5,7,6); (6,7,3); (7,10,6); (8,10,3); (9,10,5); (10,11,3); (11,12,5); (12,12,2); (13,13,2); (14,13,6); (15,13,5); (16,13,6); (17,14,4); (18,15,5); (19,16,2); (20,17,5); (21,18,5); (22,18,6); (23,19,6); (24,19,4); (25,19,2); (26,20,4); (27,21,6); (28,22,2); (29,22,3); (30,24,3); (31,25,5); (32,25,3); (33,26,2); (34,27,2); (35,28,4); (36,28,3); (37,29,5); (38,30,4); (39,30,4); (40,31,5); (41,31,4); (42,33,4); (43,33,5); (44,34,2); (45,35,3); (46,35,4); (47,35,4); (48,37,5); (49,37,3); (50,39,3)
Queue 1: (1,3,4)
Queue 2: (2,4,4)
Queue 3: (3,4,2)
Queue 4: closed
Queue 5: closed

Time 6
Waiting clients: (5,7,6); (6,7,3); (7,10,6); (8,10,3); (9,10,5); (10,11,3); (11,12,5); (12,12,2); (13,13,2); (14,13,6); (15,13,5); (16,13,6); (17,14,4); (18,15,5); (19,16,2); (20,17,5); (21,18,5); (22,18,6); (23,19,6); (24,19,4); (25,19,2); (26,20,4); (27,21,6); (28,22,2); (29,22,3); (30,24,3); (31,25,5); (32,25,3); (33,26,2); (34,27,2); (35,28,4); (36,28,3); (37,29,5); (38,30,4); (39,30,4); (40,31,5); (41,31,4); (42,33,4); (43,33,5); (44,34,2); (45,35,3); (46,35,4); (47,35,4); (48,37,5); (49,37,3); (50,39,3)
Queue 1: (1,3,3)
Queue 2: (2,4,3)
Queue 3: (3,4,1)
Queue 4: (4,6,4)
Queue 5: closed

Time 7
Waiting clients: (7,10,6); (8,10,3); (9,10,5); (10,11,3); (11,12,5); (12,12,2); (13,13,2); (14,13,6); (15,13,5); (16,13,6); (17,14,4); (18,15,5); (19,16,2); (20,17,5); (21,18,5); (22,18,6); (23,19,6); (24,19,4); (25,19,2); (26,20,4); (27,21,6); (28,22,2); (29,22,3); (30,24,3); (31,25,5); (32,25,3); (33,26,2); (34,27,2); (35,28,4); (36,28,3); (37,29,5); (38,30,4); (39,30,4); (40,31,5); (41,31,4); (42,33,4); (43,33,5); (44,34,2); (45,35,3); (46,35,4); (47,35,4); (48,37,5); (49,37,3); (50,39,3)
Queue 1: (1,3,2)
Queue 2: (2,4,2)
Queue 3: (5,7,6)
Queue 4: (4,6,3)
Queue 5: (6,7,3)

Time 8
Waiting clients: (7,10,6); (8,10,3); (9,10,5); (10,11,3); (11,12,5); (12,12,2); (13,13,2); (14,13,6); (15,13,5); (16,13,6); (17,14,4); (18,15,5); (19,16,2); (20,17,5); (21,18,5); (22,18,6); (23,19,6); (24,19,4); (25,19,2); (26,20,4); (27,21,6); (28,22,2); (29,22,3); (30,24,3); (31,25,5); (32,25,3); (33,26,2); (34,27,2); (35,28,4); (36,28,3); (37,29,5); (38,30,4); (39,30,4); (40,31,5); (41,31,4); (42,33,4); (43,33,5); (44,34,2); (45,35,3); (46,35,4); (47,35,4); (48,37,5); (49,37,3); (50,39,3)
Queue 1: (1,3,1)
Queue 2: (2,4,1)
Queue 3: (5,7,5)
Queue 4: (4,6,2)
Queue 5: (6,7,2)

Time 9
Waiting clients: (7,10,6); (8,10,3); (9,10,5); (10,11,3); (11,12,5); (12,12,2); (13,13,2); (14,13,6); (15,13,5); (16,13,6); (17,14,4); (18,15,5); (19,16,2); (20,17,5); (21,18,5); (22,18,6); (23,19,6); (24,19,4); (25,19,2); (26,20,4); (27,21,6); (28,22,2); (29,22,3); (30,24,3); (31,25,5); (32,25,3); (33,26,2); (34,27,2); (35,28,4); (36,28,3); (37,29,5); (38,30,4); (39,30,4); (40,31,5); (41,31,4); (42,33,4); (43,33,5); (44,34,2); (45,35,3); (46,35,4); (47,35,4); (48,37,5); (49,37,3); (50,39,3)
Queue 1: closed
Queue 2: closed
Queue 3: (5,7,4)
Queue 4: (4,6,1)
Queue 5: (6,7,1)

Time 10
Waiting clients: (10,11,3); (11,12,5); (12,12,2); (13,13,2); (14,13,6); (15,13,5); (16,13,6); (17,14,4); (18,15,5); (19,16,2); (20,17,5); (21,18,5); (22,18,6); (23,19,6); (24,19,4); (25,19,2); (26,20,4); (27,21,6); (28,22,2); (29,22,3); (30,24,3); (31,25,5); (32,25,3); (33,26,2); (34,27,2); (35,28,4); (36,28,3); (37,29,5); (38,30,4); (39,30,4); (40,31,5); (41,31,4); (42,33,4); (43,33,5); (44,34,2); (45,35,3); (46,35,4); (47,35,4); (48,37,5); (49,37,3); (50,39,3)
Queue 1: (7,10,6)
Queue 2: (8,10,3)
Queue 3: (5,7,3)
Queue 4: (9,10,5)
Queue 5: closed

Time 11
Waiting clients: (11,12,5); (12,12,2); (13,13,2); (14,13,6); (15,13,5); (16,13,6); (17,14,4); (18,15,5); (19,16,2); (20,17,5); (21,18,5); (22,18,6); (23,19,6); (24,19,4); (25,19,2); (26,20,4); (27,21,6); (28,22,2); (29,22,3); (30,24,3); (31,25,5); (32,25,3); (33,26,2); (34,27,2); (35,28,4); (36,28,3); (37,29,5); (38,30,4); (39,30,4); (40,31,5); (41,31,4); (42,33,4); (43,33,5); (44,34,2); (45,35,3); (46,35,4); (47,35,4); (48,37,5); (49,37,3); (50,39,3)
Queue 1: (7,10,5)
Queue 2: (8,10,2)
Queue 3: (5,7,2)
Queue 4: (9,10,4)
Queue 5: (10,11,3)

Time 12
Waiting clients: (13,13,2); (14,13,6); (15,13,5); (16,13,6); (17,14,4); (18,15,5); (19,16,2); (20,17,5); (21,18,5); (22,18,6); (23,19,6); (24,19,4); (25,19,2); (26,20,4); (27,21,6); (28,22,2); (29,22,3); (30,24,3); (31,25,5); (32,25,3); (33,26,2); (34,27,2); (35,28,4); (36,28,3); (37,29,5); (38,30,4); (39,30,4); (40,31,5); (41,31,4); (42,33,4); (43,33,5); (44,34,2); (45,35,3); (46,35,4); (47,35,4); (48,37,5); (49,37,3); (50,39,3)
Queue 1: (7,10,4)
Queue 2: (8,10,1); (12,12,2)
Queue 3: (5,7,1); (11,12,5)
Queue 4: (9,10,3)
Queue 5: (10,11,2)

Time 13
Waiting clients: (17,14,4); (18,15,5); (19,16,2); (20,17,5); (21,18,5); (22,18,6); (23,19,6); (24,19,4); (25,19,2); (26,20,4); (27,21,6); (28,22,2); (29,22,3); (30,24,3); (31,25,5); (32,25,3); (33,26,2); (34,27,2); (35,28,4); (36,28,3); (37,29,5); (38,30,4); (39,30,4); (40,31,5); (41,31,4); (42,33,4); (43,33,5); (44,34,2); (45,35,3); (46,35,4); (47,35,4); (48,37,5); (49,37,3); (50,39,3)
Queue 1: (7,10,3); (16,13,6)
Queue 2: (12,12,2); (14,13,6)
Queue 3: (11,12,5)
Queue 4: (9,10,2); (15,13,5)
Queue 5: (10,11,1); (13,13,2)

Time 14
Waiting clients: (18,15,5); (19,16,2); (20,17,5); (21,18,5); (22,18,6); (23,19,6); (24,19,4); (25,19,2); (26,20,4); (27,21,6); (28,22,2); (29,22,3); (30,24,3); (31,25,5); (32,25,3); (33,26,2); (34,27,2); (35,28,4); (36,28,3); (37,29,5); (38,30,4); (39,30,4); (40,31,5); (41,31,4); (42,33,4); (43,33,5); (44,34,2); (45,35,3); (46,35,4); (47,35,4); (48,37,5); (49,37,3); (50,39,3)
Queue 1: (7,10,2); (16,13,6)
Queue 2: (12,12,1); (14,13,6)
Queue 3: (11,12,4)
Queue 4: (9,10,1); (15,13,5)
Queue 5: (13,13,2); (17,14,4)

Time 15
Waiting clients: (19,16,2); (20,17,5); (21,18,5); (22,18,6); (23,19,6); (24,19,4); (25,19,2); (26,20,4); (27,21,6); (28,22,2); (29,22,3); (30,24,3); (31,25,5); (32,25,3); (33,26,2); (34,27,2); (35,28,4); (36,28,3); (37,29,5); (38,30,4); (39,30,4); (40,31,5); (41,31,4); (42,33,4); (43,33,5); (44,34,2); (45,35,3); (46,35,4); (47,35,4); (48,37,5); (49,37,3); (50,39,3)
Queue 1: (7,10,1); (16,13,6)
Queue 2: (14,13,6)
Queue 3: (11,12,3); (18,15,5)
Queue 4: (15,13,5)
Queue 5: (13,13,1); (17,14,4)

Time 16
Waiting clients: (20,17,5); (21,18,5); (22,18,6); (23,19,6); (24,19,4); (25,19,2); (26,20,4); (27,21,6); (28,22,2); (29,22,3); (30,24,3); (31,25,5); (32,25,3); (33,26,2); (34,27,2); (35,28,4); (36,28,3); (37,29,5); (38,30,4); (39,30,4); (40,31,5); (41,31,4); (42,33,4); (43,33,5); (44,34,2); (45,35,3); (46,35,4); (47,35,4); (48,37,5); (49,37,3); (50,39,3)
Queue 1: (16,13,6)
Queue 2: (14,13,5)
Queue 3: (11,12,2); (18,15,5)
Queue 4: (15,13,4); (19,16,2)
Queue 5: (17,14,4)

Time 17
Waiting clients: (21,18,5); (22,18,6); (23,19,6); (24,19,4); (25,19,2); (26,20,4); (27,21,6); (28,22,2); (29,22,3); (30,24,3); (31,25,5); (32,25,3); (33,26,2); (34,27,2); (35,28,4); (36,28,3); (37,29,5); (38,30,4); (39,30,4); (40,31,5); (41,31,4); (42,33,4); (43,33,5); (44,34,2); (45,35,3); (46,35,4); (47,35,4); (48,37,5); (49,37,3); (50,39,3)
Queue 1: (16,13,5)
Queue 2: (14,13,4)
Queue 3: (11,12,1); (18,15,5)
Queue 4: (15,13,3); (19,16,2)
Queue 5: (17,14,3); (20,17,5)

Time 18
Waiting clients: (23,19,6); (24,19,4); (25,19,2); (26,20,4); (27,21,6); (28,22,2); (29,22,3); (30,24,3); (31,25,5); (32,25,3); (33,26,2); (34,27,2); (35,28,4); (36,28,3); (37,29,5); (38,30,4); (39,30,4); (40,31,5); (41,31,4); (42,33,4); (43,33,5); (44,34,2); (45,35,3); (46,35,4); (47,35,4); (48,37,5); (49,37,3); (50,39,3)
Queue 1: (16,13,4); (22,18,6)
Queue 2: (14,13,3); (21,18,5)
Queue 3: (18,15,5)
Queue 4: (15,13,2); (19,16,2)
Queue 5: (17,14,2); (20,17,5)

Time 19
Waiting clients: (26,20,4); (27,21,6); (28,22,2); (29,22,3); (30,24,3); (31,25,5); (32,25,3); (33,26,2); (34,27,2); (35,28,4); (36,28,3); (37,29,5); (38,30,4); (39,30,4); (40,31,5); (41,31,4); (42,33,4); (43,33,5); (44,34,2); (45,35,3); (46,35,4); (47,35,4); (48,37,5); (49,37,3); (50,39,3)
Queue 1: (16,13,3); (22,18,6)
Queue 2: (14,13,2); (21,18,5)
Queue 3: (18,15,4); (24,19,4)
Queue 4: (15,13,1); (19,16,2); (23,19,6)
Queue 5: (17,14,1); (20,17,5); (25,19,2)

Time 20
Waiting clients: (27,21,6); (28,22,2); (29,22,3); (30,24,3); (31,25,5); (32,25,3); (33,26,2); (34,27,2); (35,28,4); (36,28,3); (37,29,5); (38,30,4); (39,30,4); (40,31,5); (41,31,4); (42,33,4); (43,33,5); (44,34,2); (45,35,3); (46,35,4); (47,35,4); (48,37,5); (49,37,3); (50,39,3)
Queue 1: (16,13,2); (22,18,6)
Queue 2: (14,13,1); (21,18,5); (26,20,4)
Queue 3: (18,15,3); (24,19,4)
Queue 4: (19,16,2); (23,19,6)
Queue 5: (20,17,5); (25,19,2)

Time 21
Waiting clients: (28,22,2); (29,22,3); (30,24,3); (31,25,5); (32,25,3); (33,26,2); (34,27,2); (35,28,4); (36,28,3); (37,29,5); (38,30,4); (39,30,4); (40,31,5); (41,31,4); (42,33,4); (43,33,5); (44,34,2); (45,35,3); (46,35,4); (47,35,4); (48,37,5); (49,37,3); (50,39,3)
Queue 1: (16,13,1); (22,18,6)
Queue 2: (21,18,5); (26,20,4)
Queue 3: (18,15,2); (24,19,4); (27,21,6)
Queue 4: (19,16,1); (23,19,6)
Queue 5: (20,17,4); (25,19,2)

Time 22
Waiting clients: (30,24,3); (31,25,5); (32,25,3); (33,26,2); (34,27,2); (35,28,4); (36,28,3); (37,29,5); (38,30,4); (39,30,4); (40,31,5); (41,31,4); (42,33,4); (43,33,5); (44,34,2); (45,35,3); (46,35,4); (47,35,4); (48,37,5); (49,37,3); (50,39,3)
Queue 1: (22,18,6); (29,22,3)
Queue 2: (21,18,4); (26,20,4)
Queue 3: (18,15,1); (24,19,4); (27,21,6)
Queue 4: (23,19,6)
Queue 5: (20,17,3); (25,19,2); (28,22,2)

Time 23
Waiting clients: (30,24,3); (31,25,5); (32,25,3); (33,26,2); (34,27,2); (35,28,4); (36,28,3); (37,29,5); (38,30,4); (39,30,4); (40,31,5); (41,31,4); (42,33,4); (43,33,5); (44,34,2); (45,35,3); (46,35,4); (47,35,4); (48,37,5); (49,37,3); (50,39,3)
Queue 1: (22,18,5); (29,22,3)
Queue 2: (21,18,3); (26,20,4)
Queue 3: (24,19,4); (27,21,6)
Queue 4: (23,19,5)
Queue 5: (20,17,2); (25,19,2); (28,22,2)

Time 24
Waiting clients: (31,25,5); (32,25,3); (33,26,2); (34,27,2); (35,28,4); (36,28,3); (37,29,5); (38,30,4); (39,30,4); (40,31,5); (41,31,4); (42,33,4); (43,33,5); (44,34,2); (45,35,3); (46,35,4); (47,35,4); (48,37,5); (49,37,3); (50,39,3)
Queue 1: (22,18,4); (29,22,3)
Queue 2: (21,18,2); (26,20,4)
Queue 3: (24,19,3); (27,21,6)
Queue 4: (23,19,4); (30,24,3)
Queue 5: (20,17,1); (25,19,2); (28,22,2)

Time 25
Waiting clients: (33,26,2); (34,27,2); (35,28,4); (36,28,3); (37,29,5); (38,30,4); (39,30,4); (40,31,5); (41,31,4); (42,33,4); (43,33,5); (44,34,2); (45,35,3); (46,35,4); (47,35,4); (48,37,5); (49,37,3); (50,39,3)
Queue 1: (22,18,3); (29,22,3)
Queue 2: (21,18,1); (26,20,4); (31,25,5)
Queue 3: (24,19,2); (27,21,6)
Queue 4: (23,19,3); (30,24,3)
Queue 5: (25,19,2); (28,22,2); (32,25,3)

Time 26
Waiting clients: (34,27,2); (35,28,4); (36,28,3); (37,29,5); (38,30,4); (39,30,4); (40,31,5); (41,31,4); (42,33,4); (43,33,5); (44,34,2); (45,35,3); (46,35,4); (47,35,4); (48,37,5); (49,37,3); (50,39,3)
Queue 1: (22,18,2); (29,22,3)
Queue 2: (26,20,4); (31,25,5)
Queue 3: (24,19,1); (27,21,6)
Queue 4: (23,19,2); (30,24,3); (33,26,2)
Queue 5: (25,19,1); (28,22,2); (32,25,3)

Time 27
Waiting clients: (35,28,4); (36,28,3); (37,29,5); (38,30,4); (39,30,4); (40,31,5); (41,31,4); (42,33,4); (43,33,5); (44,34,2); (45,35,3); (46,35,4); (47,35,4); (48,37,5); (49,37,3); (50,39,3)
Queue 1: (22,18,2); (29,22,3); (34,27,2)
Queue 2: (26,20,3); (31,25,5)
Queue 3: (27,21,6)
Queue 4: (23,19,1); (30,24,3); (33,26,2)
Queue 5: (28,22,2); (32,25,3)

Time 28
Waiting clients: (37,29,5); (38,30,4); (39,30,4); (40,31,5); (41,31,4); (42,33,4); (43,33,5); (44,34,2); (45,35,3); (46,35,4); (47,35,4); (48,37,5); (49,37,3); (50,39,3)
Queue 1: (29,22,3); (34,27,2); (35,28,4)
Queue 2: (26,20,2); (31,25,5)
Queue 3: (27,21,5)
Queue 4: (30,24,3); (33,26,2)
Queue 5: (28,22,1); (32,25,3); (36,28,3)

Time 29
Waiting clients: (38,30,4); (39,30,4); (40,31,5); (41,31,4); (42,33,4); (43,33,5); (44,34,2); (45,35,3); (46,35,4); (47,35,4); (48,37,5); (49,37,3); (50,39,3)
Queue 1: (29,22,2); (34,27,2); (35,28,4)
Queue 2: (26,20,1); (31,25,5)
Queue 3: (27,21,4); (37,29,5)
Queue 4: (30,24,2); (33,26,2)
Queue 5: (32,25,3); (36,28,3)

Time 30
Waiting clients: (40,31,5); (41,31,4); (42,33,4); (43,33,5); (44,34,2); (45,35,3); (46,35,4); (47,35,4); (48,37,5); (49,37,3); (50,39,3)
Queue 1: (29,22,1); (34,27,2); (35,28,4)
Queue 2: (31,25,5); (39,30,4)
Queue 3: (27,21,3); (37,29,5)
Queue 4: (30,24,1); (33,26,2); (38,30,4)
Queue 5: (32,25,2); (36,28,3)

Time 31
Waiting clients: (42,33,4); (43,33,5); (44,34,2); (45,35,3); (46,35,4); (47,35,4); (48,37,5); (49,37,3); (50,39,3)
Queue 1: (34,27,2); (35,28,4); (41,31,4)
Queue 2: (31,25,4); (39,30,4)
Queue 3: (27,21,2); (37,29,5)
Queue 4: (33,26,2); (38,30,4)
Queue 5: (32,25,1); (36,28,3); (40,31,5)

Time 32
Waiting clients: (42,33,4); (43,33,5); (44,34,2); (45,35,3); (46,35,4); (47,35,4); (48,37,5); (49,37,3); (50,39,3)
Queue 1: (34,27,1); (35,28,4); (41,31,4)
Queue 2: (31,25,3); (39,30,4)
Queue 3: (27,21,1); (37,29,5)
Queue 4: (33,26,1); (38,30,4)
Queue 5: (36,28,3); (40,31,5)

Time 33
Waiting clients: (44,34,2); (45,35,3); (46,35,4); (47,35,4); (48,37,5); (49,37,3); (50,39,3)
Queue 1: (35,28,4); (41,31,4)
Queue 2: (31,25,2); (39,30,4)
Queue 3: (37,29,5); (43,33,5)
Queue 4: (38,30,4); (42,33,4)
Queue 5: (36,28,2); (40,31,5)

Time 34
Waiting clients: (45,35,3); (46,35,4); (47,35,4); (48,37,5); (49,37,3); (50,39,3)
Queue 1: (35,28,3); (41,31,4)
Queue 2: (31,25,1); (39,30,4); (44,34,2)
Queue 3: (37,29,4); (43,33,5)
Queue 4: (38,30,3); (42,33,4)
Queue 5: (36,28,1); (40,31,5)

Time 35
Waiting clients: (48,37,5); (49,37,3); (50,39,3)
Queue 1: (35,28,2); (41,31,4); (46,35,4)
Queue 2: (39,30,4); (44,34,2); (47,35,4)
Queue 3: (37,29,3); (43,33,5)
Queue 4: (38,30,2); (42,33,4)
Queue 5: (40,31,5); (45,35,3)

Time 36
Waiting clients: (48,37,5); (49,37,3); (50,39,3)
Queue 1: (35,28,1); (41,31,4); (46,35,4)
Queue 2: (39,30,3); (44,34,2); (47,35,4)
Queue 3: (37,29,2); (43,33,5)
Queue 4: (38,30,1); (42,33,4)
Queue 5: (40,31,4); (45,35,3)

Time 37
Waiting clients: (50,39,3)
Queue 1: (41,31,4); (46,35,4)
Queue 2: (39,30,2); (44,34,2); (47,35,4)
Queue 3: (37,29,1); (43,33,5)
Queue 4: (42,33,4); (48,37,5); (49,37,3)
Queue 5: (40,31,3); (45,35,3)

Time 38
Waiting clients: (50,39,3)
Queue 1: (41,31,3); (46,35,4)
Queue 2: (39,30,1); (44,34,2); (47,35,4)
Queue 3: (43,33,5)
Queue 4: (42,33,3); (48,37,5); (49,37,3)
Queue 5: (40,31,2); (45,35,3)

Time 39
Waiting clients: 
Queue 1: (41,31,2); (46,35,4)
Queue 2: (44,34,2); (47,35,4)
Queue 3: (43,33,4); (50,39,3)
Queue 4: (42,33,2); (48,37,5); (49,37,3)
Queue 5: (40,31,1); (45,35,3)

Time 40
Waiting clients: 
Queue 1: (41,31,1); (46,35,4)
Queue 2: (44,34,1); (47,35,4)
Queue 3: (43,33,3); (50,39,3)
Queue 4: (42,33,1); (48,37,5); (49,37,3)
Queue 5: (45,35,3)

Time 41
Waiting clients: 
Queue 1: (46,35,4)
Queue 2: (47,35,4)
Queue 3: (43,33,2); (50,39,3)
Queue 4: (48,37,5); (49,37,3)
Queue 5: (45,35,2)

Time 42
Waiting clients: 
Queue 1: (46,35,3)
Queue 2: (47,35,3)
Queue 3: (43,33,1); (50,39,3)
Queue 4: (48,37,4); (49,37,3)
Queue 5: (45,35,1)

Time 43
Waiting clients: 
Queue 1: (46,35,2)
Queue 2: (47,35,2)
Queue 3: (50,39,3)
Queue 4: (48,37,3); (49,37,3)
Queue 5: closed

Time 44
Waiting clients: 
Queue 1: (46,35,1)
Queue 2: (47,35,1)
Queue 3: (50,39,2)
Queue 4: closed
Queue 5: closed

Time 45
Waiting clients: 
Queue 1: closed
Queue 2: closed
Queue 3: (50,39,1)
Queue 4: (48,37,1); (49,37,3)
Queue 5: closed

Time 46
Waiting clients: 
Queue 1: closed
Queue 2: closed
Queue 3: closed
Queue 4: (49,37,3)
Queue 5: closed

Average waiting time: 3.32
Average service time: 4.02